4.80768E-05
0.0008671
0.00515109
0.011543593
0.021675787
0.036411339
0.055485825
0.079369713
0.10486074
0.131320173
0.158756596
0.187515131
0.216872911
0.245715581
0.274420889
0.302708958
0.329970244
0.356817725
0.382344811
0.40682279
0.430038753
0.452342973
0.473919173
0.494283149
0.513537923
0.532008015
0.549307093
0.56586613
0.581372628
0.596516833
0.610672028
0.624504422
0.637569304
0.649691536
0.661446323
0.672689436
0.683563387
0.693654372
0.703637185
0.713122059
0.722191411
0.730889885
0.739203744
0.747237728
0.754897399
0.762316686
0.76940802
0.776121607
0.782735607
0.789033673
0.794971162
0.800827952
0.806322448
0.811815227
0.817132869
0.822297695
0.827041849
0.83185125
0.836169581
0.840534271
0.844768467
0.84875026
0.85265822
0.856284587
0.860070639
0.863618023
0.866945627
0.870245759
0.873492662
0.876404745
0.879351169
0.882364556
0.885144428
0.887860769
0.890506713
0.893051351
0.895420853
0.897778335
0.900113496
0.902378258
0.904606963
0.90671891
0.908787931
0.910815744
0.9127371
0.914543416
0.916416696
0.918267654
0.919986401
0.92169828
0.923326025
0.924928014
0.926411527
0.927920797
0.929371687
0.930834597
0.932256298
0.933640224
0.934986375
0.936335961
0.937524146
0.938753539
0.939953743
0.941162532
0.94225628
0.943276196
0.944311565
0.945290273
0.946243224
0.94723395
0.948116504
0.949079758
0.950012105
0.950906678
0.951718833
0.952584216
0.953396371
0.954206809
0.95499836
0.955750419
0.956504196
0.957146365
0.957836611
0.958502819
0.959165592
0.959859272
0.960455082
0.961080081
0.96159519
0.962154941
0.96273358
0.9633002
0.963796422
0.964278907
0.964819772
0.965322862
0.965807064
0.966299852
0.966760016
0.967196141
0.967642569
0.968099299
0.968494216
0.96892004
0.969308088
0.969682401
0.970120244
0.970461933
0.970819075
0.971143594
0.971528208
0.971857878
0.972156641
0.972513783
0.972840019
0.973198878
0.97350451
0.973815292
0.974098602
0.97438878
0.974675524
0.974962268
0.975202652
0.975431017
0.975679987
0.975946126
0.976226002
0.976502444
0.976730809
0.976978062
0.977213295
0.977427923
0.977639118
0.977829708
0.978034035
0.978229776
0.978432386
0.978616108
0.982093094
0.990223231
0.991521306
0.991679273
0.991813201
0.991959148
0.992110247
0.992252761
0.992381538
0.992532636
0.99264596
0.992788474
0.992893213
0.99302199
0.993147333
0.993284696
0.993392868
0.993523363
0.993640121
0.993750011
0.993834145
0.993947469
0.994052208
0.994134625
0.994246232
0.994347537
0.994445408
0.994520957
0.994593072
0.994689226
0.994771644
0.994862646
0.994939913
0.995020613
0.995104747
0.995156258
0.995221505
0.995307357
0.995384623
0.995468758
0.995540873
0.995595818
0.995657631
0.995721161
0.995796711
0.99587226
0.995934073
0.995997603
0.996057699
0.996114361
0.996181325
0.996255158
0.996322122
0.99636333
0.996411407
0.996466352
0.996507561
0.996569374
0.99662947
0.996687849
0.996749662
0.996792588
0.996828646
0.99689561
0.996957423
0.997003783
0.997053576
0.99710337
0.99713256
0.997185788
0.997256186
0.997304263
0.997342038
0.997396982
0.997429606
0.997470815
0.997500004
0.997520609
0.997578988
0.997621913
0.997645952
0.997676858
0.997707765
0.997748974
0.997791899
0.99780907
0.997848561
0.997874317
0.99790694
0.997949866
0.997980773
0.998025415
0.998070058
0.998099248
0.998125003
0.998152476
0.998179948
0.998207421
0.998231459
0.998257215
0.998281253
0.998303574
0.998332764
0.998361953
0.998377407
0.998404879
0.998428918
0.998451239
0.998466692
0.998494165
0.998526788
0.998542242
0.998559412
0.998581733
0.998604055
0.998616074
0.998633244
0.998653848
0.998669302
0.998686472
0.998712227
0.998734549
0.998750002
0.998784343
0.998799796
0.998818683
0.998834137
0.99884959
0.998859892
0.998875345
0.998889082
0.998914837
0.998919988
0.998932007
0.998947461
0.998962914
0.998973216
0.998990386
0.999002406
0.999010991
0.99902301
0.999036746
0.999050482
0.999060785
0.999077955
0.999089974
0.99910371
0.999117447
0.999122598
0.999134617
0.999141485
0.999148353
0.999160372
0.999168957
0.999184411
0.999187845
0.999199864
0.9992136
0.999218751
0.999225619
0.99924279
0.999254809
0.999266828
0.999278847
0.999292584
0.999294301
0.999302886
0.999313188
0.999321773
0.999330358
0.999332075
0.999345812
0.999356114
0.999361265
0.999368133
0.999373284
0.999380152
0.99938702
0.999392171
0.999397322
0.999409342
0.999412776
0.999417927
0.999424795
0.999428229
0.999438531
0.999445399
0.999453984
0.999460853
0.999467721
0.999481457
0.999481457
0.999488325
0.999493476
0.999503778
0.999510646
0.999512363
0.999519232
0.999527817
0.999536402
0.999544987
0.999548421
0.999555289
0.999558723
0.999567308
0.99957246
0.999579328
0.999581045
0.999581045
0.999591347
0.999594781
0.999603366
0.999610234
0.999613668
0.999618819
0.999629122
0.99963599
0.999639424
0.999646292
0.999649726
0.999651443
0.999658311
0.999663462
0.999665179
0.999668613
0.999675481
0.999677198
0.999685784
0.999689218
0.999692652
0.999692652
0.999694369
0.999696086
0.999697803
0.999701237
0.999702954
0.999702954
0.999706388
0.999713256
0.999713256
0.999714973
0.999714973
0.999720124
0.999725275
0.999728709
0.999732143
0.999739011
0.999739011
0.999747597
0.999752748
0.999759616
0.999768201
0.999773352
0.999775069
0.999778503
0.999781937
0.999781937
0.999785371
0.999787088
0.999790522
0.999799107
0.999805976
0.999812844
0.999814561
0.999817995
0.999821429
0.999823146
0.99982658
0.999828297
0.999830014
0.999831731
0.999831731
0.999835165
0.999840316
0.99984375
0.999845467
0.999848901
0.999854052
0.999855769
0.999855769
0.999859204
0.999864355
0.999866072
0.999867789
0.999869506
0.999876374
0.999876374
0.999879808
0.999883242
0.999886676
0.999886676
0.999888393
0.99989011
0.99989011
0.999895261
0.999896978
0.999900412
0.999905563
0.99990728
0.999910714
0.999912431
0.999914148
0.999914148
0.999917583
0.999917583
0.999917583
0.999922734
0.999922734
0.999924451
0.999924451
0.999924451
0.999924451
0.999927885
0.999931319
0.999931319
0.999931319
0.999933036
0.999934753
0.99993647
0.999938187
0.999945055
0.999945055
0.999948489
0.999948489
0.999950206
0.999950206
0.999951923
0.99995364
0.999957074
0.999958791
0.999958791
0.999962225
0.999969093
0.999969093
0.99997081
0.99997081
0.99997081
0.99997081
0.99997081
0.999972528
0.999972528
0.999974245
0.999974245
0.999975962
0.999975962
0.999977679
0.999977679
0.999979396
0.999979396
0.999979396
0.999981113
0.99998283
0.999986264
0.999986264
0.999986264
0.999987981
0.999987981
0.999989698
0.999989698
0.999991415
0.999993132
0.999994849
0.999994849
0.999994849
0.999996566
0.999996566
0.999996566
0.999996566
0.999996566
0.999996566
0.999996566
0.999996566
0.999996566
0.999996566
0.999996566
0.999996566
0.999996566
0.999996566
0.999996566
0.999996566
0.999996566
0.999996566
0.999996566
0.999996566
0.999996566
0.999996566
0.999996566
0.999996566
0.999996566
0.999996566
0.999996566
0.999996566
0.999996566
0.999996566
0.999996566
0.999996566
0.999996566
0.999996566
0.999996566
0.999996566
0.999996566
0.999996566
0.999996566
0.999996566
0.999996566
0.999996566
0.999996566
0.999996566
0.999996566
0.999996566
0.999996566
0.999996566
0.999996566
0.999996566
0.999998283
0.999998283
0.999998283
0.999998283
0.999998283
1